GBSP
24
1
37
0
38
12
99
13
243
8
316
24
341
70
1042
52
1095
13
1317
2
1338
117
MODELS LUMP
0
0
0
0
0
13
0
0
0
0
0
0
ENTITIES LUMP
PLANES LUMP
1
0
-1
0
-5
2
0
0
-1
-5
0
1
0
0
-5
1
0
1
0
-5
0
-1
0
0
-5
2
0
0
1
-5
1
0
1
0
1
2
0
-0
1
1
0
-1
0
0
1
1
0
-1
0
1
0
1
0
0
1
2
0
0
-1
1
NODES LUMP
0
1
-1
0
1
-21
-21
-21
21
21
21
1
2
-1
1
1
-21
-21
-21
21
21
21
2
3
-1
2
1
-21
-21
-21
21
21
21
3
4
-1
3
1
-21
-21
-21
21
21
21
10
5
7
4
1
-21
-21
-21
21
21
21
4
6
-1
5
1
-21
-21
-21
21
21
21
5
-2
-1
6
1
-21
-21
-21
21
21
21
11
8
9
7
1
-21
-21
-21
21
21
21
5
-3
-1
8
1
-21
-21
-21
21
21
21
6
-4
10
9
1
-21
-21
-21
21
21
21
7
-5
11
10
1
-21
-21
-21
21
21
21
8
-6
12
11
1
-21
-21
-21
21
21
21
9
-7
-1
12
1
-21
-21
-21
21
15
21
LEAFS LUMP
0
0
0
0
0
0
0
0
0
0
0
0
0
0
0
0
0
0
0
6
-21
-21
-21
21
21
21
0
6
5
-21
-21
-21
21
21
21
0
11
4
-21
-21
-21
21
21
21
0
15
4
-21
-21
-21
21
21
21
0
19
3
-21
-21
-21
21
21
21
0
22
2
-21
-21
-21
21
15
21
0
LEAF FACES LUMP
0
1
3
5
6
4
0
2
3
8
7
0
1
2
9
1
2
3
10
2
3
11
3
12
VERTS LUMP
5
5
-5
0
0
0
0
0
0
0
5
-5
-5
0
0
0
0
0
0
0
5
5
5
0
0
0
0
0
0
0
5
-5
5
0
0
0
0
0
0
0
-5
5
-5
0
0
0
0
0
0
0
-5
-5
-5
0
0
0
0
0
0
0
-5
5
5
0
0
0
0
0
0
0
-5
-5
5
0
0
0
0
0
0
0
1
1
-1
0
0
0
0
0
0
0
1
-1
-1
0
0
0
0
0
0
0
1
1
1
0
0
0
0
0
0
0
1
-1
1
0
0
0
0
0
0
0
-1
1
-1
0
0
0
0
0
0
0
-1
-1
-1
0
0
0
0
0
0
0
-1
1
1
0
0
0
0
0
0
0
-1
-1
1
0
0
0
0
0
0
0
1
-5
-5
0
0
0
0
0
0
0
1
5
-5
0
0
0
0
0
0
0
5
5
-5
0
0
0
0
0
1.04
1
5
5
5
0
0
0
0
0
1.04
1.04
-5
5
5
0
0
0
0
0
1
1.04
-5
5
-5
0
0
0
0
0
1
1
5
-5
5
0
0
0
0
0
1
1.04
-5
-5
5
0
0
0
0
0
1
1
-5
5
5
0
0
0
0
0
1.04
1
5
5
5
0
0
0
0
0
1.04
1.04
-5
-5
5
0
0
0
0
0
1.04
1
-5
-5
-5
0
0
0
0
0
1
1
-5
5
-5
0
0
0
0
0
1
1.04
-5
5
5
0
0
0
0
0
1.04
1.04
-5
-5
-5
0
0
0
0
0
1
1
-5
-5
5
0
0
0
0
0
1
1.04
5
-5
5
0
0
0
0
0
1.04
1.04
5
-5
-5
0
0
0
0
0
1.04
1
1
-1
-1
0
0
0
0
0
1
1
1
1
-1
0
0
0
0
0
1
1.008
1
1
1
0
0
0
0
0
1.008
1.008
1
-1
1
0
0
0
0
0
1.008
1
5
-5
-5
0
0
0
0
0
1
1
5
-5
5
0
0
0
0
0
1.04
1
5
5
5
0
0
0
0
0
1.04
1.04
5
5
-5
0
0
0
0
0
1
1.04
1
-5
-5
0
0
0
0
0
1
1
5
-5
-5
0
0
0
0
0
1
1.016
5
5
-5
0
0
0
0
0
1.04
1.016
1
5
-5
0
0
0
0
0
1.04
1
-1
-1
-1
0
0
0
0
0
1
1
-1
1
-1
0
0
0
0
0
1.008
1
1
1
-1
0
0
0
0
0
1.008
1.008
1
-1
-1
0
0
0
0
0
1
1.008
-5
-5
-5
0
0
0
0
0
1
1
1
-5
-5
0
0
0
0
0
1
1.024
1
5
-5
0
0
0
0
0
1.04
1.024
-5
5
-5
0
0
0
0
0
1.04
1
1
1
-1
0
0
0
0
0
1.008
1
-1
1
-1
0
0
0
0
0
1
1
-1
1
1
0
0
0
0
0
1
1.008
1
1
1
0
0
0
0
0
1.008
1.008
1
-1
1
0
0
0
0
0
1
1.008
1
1
1
0
0
0
0
0
1.008
1.008
-1
1
1
0
0
0
0
0
1.008
1
-1
-1
1
0
0
0
0
0
1
1
-1
-1
1
0
0
0
0
0
1.008
1
-1
1
1
0
0
0
0
0
1.008
1.008
-1
1
-1
0
0
0
0
0
1
1.008
-1
-1
-1
0
0
0
0
0
1
1
-1
-1
-1
0
0
0
0
0
1
1
1
-1
-1
0
0
0
0
0
1.008
1
1
-1
1
0
0
0
0
0
1.008
1.008
-1
-1
1
0
0
0
0
0
1
1.008
FACEVERTS LUMP
0
2
6
4
3
7
6
2
7
5
4
6
5
7
3
1
9
8
10
11
1
3
2
0
16
1
0
17
13
12
8
9
5
16
17
4
8
12
14
10
11
10
14
15
15
14
12
13
13
9
11
15
FACES LUMP
18
0
4
0
0
0
3
3
-255
5
-255
1
-0
0
0
-0
1
22
4
4
1
0
9
3
3
-255
-255
5
0
1
-0
1
0
-0
26
8
4
2
0
18
3
3
-5
-255
-255
0
0
1
0
1
0
30
12
4
3
0
27
3
3
-255
-5
-255
1
0
0
0
0
1
34
16
4
10
1
36
3
3
1
-251
-251
0
0
1
0
1
0
38
20
4
4
0
45
3
3
5
-255
-255
-0
0
1
-0
1
0
42
24
4
5
0
54
3
3
-249
-255
-5
0
1
0
1
0
0
46
28
4
11
1
63
3
3
-251
-251
-1
0
1
-0
1
0
-0
50
32
4
5
0
72
3
3
-255
-255
-5
0
1
0
1
0
0
54
36
4
6
1
81
3
3
-251
1
-251
1
0
0
0
0
1
58
40
4
7
1
90
3
3
-251
-251
1
0
1
-0
1
0
-0
62
44
4
8
1
99
3
3
-1
-251
-251
-0
0
1
-0
1
0
66
48
4
9
1
108
3
3
-251
-1
-251
1
-0
0
0
-0
1
MATERIALS LUMP
0.8
0.8
0.8
0.5
0.5
0.5
0
0
0
250
0.8
0.8
0.8
0.5
0.5
0.5
0
0
0
250
LIGHTMAP LUMP
1
0
0
0
0
1
0
0
0
0
1
0
0
0
0
1
0
0
0
0
1
0
0
0
0
1
0
0
0
0
1
0
0
0
0
1
0
0
0
0
1
0
0
0
0
1
1
0
0
0
1
1
0
0
0
1
1
0
0
0
1
1
0
0
0
1
1
0
0
0
1
1
0
0
0
1
1
0
0
0
1
1
0
0
0
1
1
0
0
0
1
2
0
0
0
1
2
0
0
0
1
2
0
0
0
1
2
0
0
0
1
2
0
0
0
1
2
0
0
0
1
2
0
0
0
1
2
0
0
0
1
2
0
0
0
1
3
0
0
0
1
3
0
0
0
1
3
0
0
0
1
3
0
0
0
1
3
0
0
0
1
3
0
0
0
1
3
0
0
0
1
3
0
0
0
1
3
0
0
0
1
4
0
0
0
1
4
0
0
0
1
4
0
0
0
1
4
0
0
0
1
4
0
0
0
1
4
0
0
0
1
4
0
0
0
1
4
0
0
0
1
4
0
0
0
1
5
0
0
0
1
5
0
0
0
1
5
0
0
0
1
5
0
0
0
1
5
0
0
0
1
5
0
0
0
1
5
0
0
0
1
5
0
0
0
1
5
0
0
0
1
6
0
0
0
1
6
0
0
0
1
6
0
0
0
1
6
0
0
0
1
6
0
0
0
1
6
0
0
0
1
6
0
0
0
1
6
0
0
0
1
6
0
0
0
1
7
0
0
0
1
7
0
0
0
1
7
0
0
0
1
7
0
0
0
1
7
0
0
0
1
7
0
0
0
1
7
0
0
0
1
7
0
0
0
1
7
0
0
0
1
8
0
0
0
1
8
0
0
0
1
8
0
0
0
1
8
0
0
0
1
8
0
0
0
1
8
0
0
0
1
8
0
0
0
1
8
0
0
0
1
8
0
0
0
1
9
0
0
0
1
9
0
0
0
1
9
0
0
0
1
9
0
0
0
1
9
0
0
0
1
9
0
0
0
1
9
0
0
0
1
9
0
0
0
1
9
0
0
0
1
10
0
0
0
1
10
0
0
0
1
10
0
0
0
1
10
0
0
0
1
10
0
0
0
1
10
0
0
0
1
10
0
0
0
1
10
0
0
0
1
10
0
0
0
1
11
0
0
0
1
11
0
0
0
1
11
0
0
0
1
11
0
0
0
1
11
0
0
0
1
11
0
0
0
1
11
0
0
0
1
11
0
0
0
1
11
0
0
0
1
12
0
0
0
1
12
0
0
0
1
12
0
0
0
1
12
0
0
0
1
12
0
0
0
1
12
0
0
0
1
12
0
0
0
1
12
0
0
0
1
12
0
0
0
