GBSP
24
1
37
0
38
6
69
6
136
8
209
12
222
8
303
36
340
12
533
2
554
12
MODELS LUMP
0
0
0
0
0
12
0
0
0
0
0
0
ENTITIES LUMP
PLANES LUMP
0
-1
-0
0
64
0
1
-0
0
64
1
0
-1
0
64
1
0
1
0
64
2
0
0
-1
64
2
0
0
1
64
NODES LUMP
0
-2
1
0
2
-80
-80
-80
80
80
80
1
-3
2
2
2
-80
-80
-80
80
80
80
2
-4
3
4
2
-80
-80
-80
80
80
80
3
-5
4
6
2
-80
-80
-80
80
80
80
4
-6
5
8
2
-80
-80
-80
80
80
80
5
-7
-1
10
2
-80
-80
48
80
80
80
LEAFS LUMP
0
0
0
0
0
0
0
0
0
0
0
0
0
0
0
0
0
0
0
2
-80
-80
-80
-48
80
80
0
2
2
48
-80
-80
80
80
80
0
4
2
-80
-80
-80
80
-48
80
0
6
2
-80
48
-80
80
80
80
0
8
2
-80
-80
-80
80
80
-48
0
10
2
-80
-80
48
80
80
80
0
LEAF FACES LUMP
0
1
2
3
4
5
6
7
8
9
10
11
VERTS LUMP
-64
-64
64
0
0
0
0
0
0.498333
0.498333
-64
-64
-64
0
0
0
0
0
0.498333
0.498333
-64
64
64
0
0
0
0
0
0.925
0.498333
-64
64
-64
0
0
0
0
0
0.925
0.498333
64
64
64
0
0
0
0
0
0.925
0.925
64
64
-64
0
0
0
0
0
0.925
0.925
64
-64
64
0
0
0
0
0
0.498333
0.925
64
-64
-64
0
0
0
0
0
0.498333
0.925
FACEVERTS LUMP
2
1
0
2
3
1
6
5
4
6
7
5
7
0
1
7
6
0
3
4
5
3
2
4
3
7
1
3
5
7
0
4
2
0
6
4
FACES LUMP
0
3
0
1
0
1
1
-64
-213.5
-213.5
-0
0
1
-0
1
0
3
3
0
1
1
1
1
-64
-213.5
-213.5
-0
0
1
-0
1
0
6
3
1
1
2
1
1
64
-213.5
-213.5
0
0
1
0
1
0
9
3
1
1
3
1
1
64
-213.5
-213.5
0
0
1
0
1
0
12
3
2
1
4
1
1
-213.5
-64
-213.5
1
-0
0
0
-0
1
15
3
2
1
5
1
1
-213.5
-64
-213.5
1
-0
0
0
-0
1
18
3
3
1
6
1
1
-213.5
64
-213.5
1
0
0
0
0
1
21
3
3
1
7
1
1
-213.5
64
-213.5
1
0
0
0
0
1
24
3
4
1
8
1
1
-213.5
-213.5
-64
0
1
-0
1
0
-0
27
3
4
1
9
1
1
-213.5
-213.5
-64
0
1
-0
1
0
-0
30
3
5
1
10
1
1
-213.5
-213.5
64
0
1
0
1
0
0
33
3
5
1
11
1
1
-213.5
-213.5
64
0
1
0
1
0
0
MATERIALS LUMP
1
1
1
0
0
0
0
0
0
0
1
1
1
0
0
0
0
0
0
0
LIGHTMAP LUMP
1
0
0.6
0
0
0
0
0
0.799992
0
0
0
0
0
1
0
0
0
0
0
1
1
0.6
0
0
0
0
0
0.799992
0
0
0
0
0
1
0
0
0
0
0
1
2
0.6
0
0
0
0
0
0.799992
0
0
0
0
0
1
0
0
0
0
0
1
3
0.6
0
0
0
0
0
0.799992
0
0
0
0
0
1
0
0
0
0
0
1
4
0.6
0
0
0
0
0
0.799992
0
0
0
0
0
1
0
0
0
0
0
1
5
0.6
0
0
0
0
0
0.799992
0
0
0
0
0
1
0
0
0
0
0
1
6
0.6
0
0
0
0
0
0.799992
0
0
0
0
0
1
0
0
0
0
0
1
7
0.6
0
0
0
0
0
0.799992
0
0
0
0
0
1
0
0
0
0
0
1
8
0.6
0
0
0
0
0
0.799992
0
0
0
0
0
1
0
0
0
0
0
1
9
0.6
0
0
0
0
0
0.799992
0
0
0
0
0
1
0
0
0
0
0
1
10
0.6
0
0
0
0
0
0.799992
0
0
0
0
0
1
0
0
0
0
0
1
11
0.6
0
0
0
0
0
0.799992
0
0
0
0
0
1
0
0
0
0
0
